0	8.51943	10	0.172555	10.9944	10	-0.994421	10.4134	10	-0.0349728	1.01987	0.583058
0.25	12.6891	10.0614	-0.306249	8.53822	8.11427	-0.423957	11.1207	11.9429	0.0695604	0.278367	0.304613
0.5	11.313	10.4931	-0.095553	6.52869	6.84591	0.317218	14.0784	14.1676	0.00754423	0.109814	0.191324
0.75	12.5643	11.2653	-0.151392	6.29267	5.94107	-0.351598	19.8514	16.655	-0.270417	0.219666	0.270596
1	12.7628	12.3752	-0.045173	5.70403	5.26981	-0.434217	21.4755	19.3686	-0.178246	0.222357	0.272248
1.25	15.8265	13.8234	-0.233461	6.38062	4.7588	-1.62182	27.1608	22.2543	-0.4151	2.85711	0.975895
1.5	17.1804	15.5943	-0.184852	1.9606	4.36357	2.40297	26.5121	25.243	-0.107361	5.81996	1.39283
1.75	18.315	17.6418	-0.0784673	4.84442	4.05542	-0.788997	31.4346	28.2575	-0.268786	0.70092	0.483363
2	20.3223	19.8825	-0.0512599	4.84003	3.81482	-1.02521	35.3055	31.219	-0.345719	1.17321	0.625356
2.25	22.3636	22.2055	-0.0184353	3.03458	3.62763	0.593055	37.5891	34.0553	-0.298965	0.441434	0.383595
2.5	22.6665	24.493	0.212873	3.7081	3.48317	-0.224933	38.9501	36.7061	-0.189842	0.13195	0.209722
2.75	23.6395	26.6447	0.350247	2.95122	3.37295	0.421724	42.9334	39.1274	-0.321993	0.404204	0.367062
3	25.6022	28.5923	0.34849	3.14021	3.29014	0.149932	43.3026	41.2922	-0.170085	0.172854	0.240037
3.25	27.7816	30.3024	0.293787	3.17636	3.22919	0.0528364	46.1447	43.1905	-0.249935	0.15157	0.224774
3.5	28.9281	31.7695	0.331163	2.61419	3.18557	0.571376	46.7073	44.8265	-0.159124	0.461461	0.392199
3.75	29.5979	33.0064	0.397253	1.95414	3.15561	1.20147	48.2181	46.2151	-0.169461	1.63006	0.737125
4	32.6124	34.0353	0.165831	2.82516	3.13636	0.311202	46.9512	47.3784	0.0361407	0.125653	0.204657
4.25	32.7831	34.8823	0.244647	3.71494	3.12543	-0.589504	49.4294	48.3421	-0.0919891	0.415829	0.372303
4.5	33.8649	35.5736	0.199149	3.0132	3.12091	0.107711	50.549	49.1329	-0.119807	0.0656156	0.147891
4.75	33.8785	36.134	0.262869	3.19138	3.12127	-0.0701044	49.2135	49.7767	0.0476421	0.0762848	0.159462
5	35.1127	36.5854	0.171631	1.91121	3.12528	1.21407	51.7021	50.2971	-0.118862	1.51754	0.711229
5.25	37.5236	36.9471	-0.0671877	2.98295	3.13196	0.149015	52.0192	50.7155	-0.110294	0.0388846	0.113849
5.5	37.0733	37.2357	0.0189277	4.35048	3.14054	-1.20994	49.5284	51.0501	0.128745	1.4809	0.70259
5.75	36.2294	37.4649	0.143995	3.16443	3.1504	-0.0140264	50.1252	51.3166	0.100791	0.0310902	0.101801
6	35.9108	37.6461	0.202245	4.08733	3.16108	-0.92625	49.2999	51.5278	0.188486	0.934369	0.558083
6.25	37.0145	37.7889	0.0902579	3.01617	3.17219	0.156016	51.3453	51.6946	0.0295551	0.0333611	0.105453
6.5	37.3775	37.901	0.0610033	4.30955	3.18345	-1.12609	50.5198	51.8258	0.11049	1.28401	0.65422
6.75	37.9582	37.9884	0.00352073	2.65698	3.19466	0.537672	49.8699	51.9286	0.174165	0.319437	0.326311
7	38.1852	38.0564	-0.0150069	2.23852	3.20563	0.967111	51.8445	52.0088	0.0138958	0.935723	0.558487
7.25	38.581	38.1089	-0.0550146	3.58137	3.21627	-0.365095	52.2965	52.071	-0.0190752	0.136685	0.213452
7.5	39.0445	38.1493	-0.104336	2.22315	3.22649	1.00334	51.3588	52.119	0.0643154	1.02171	0.583585
7.75	40.5704	38.18	-0.278593	4.10816	3.23623	-0.871931	51.2335	52.1558	0.0780276	0.843966	0.530398
8	38.065	38.2031	0.016101	3.3425	3.24547	-0.0970368	52.1829	52.1837	6.72335e-05	0.00967539	0.0567902
8.25	37.6261	38.2204	0.0692559	4.24942	3.25417	-0.99525	52.7686	52.2047	-0.0476991	0.997594	0.576655
8.5	38.4004	38.233	-0.0195095	2.87575	3.26235	0.386601	52.1006	52.2203	0.0101283	0.149944	0.223565
8.75	38.3518	38.242	-0.0127921	3.67248	3.27001	-0.402473	49.8118	52.2317	0.204729	0.204062	0.260808
9	39.1656	38.2483	-0.106907	2.52746	3.27715	0.74969	52.1681	52.2398	0.00606988	0.573502	0.437227
9.25	38.4566	38.2524	-0.0237919	2.98503	3.2838	0.29877	52.2575	52.2454	-0.001022	0.0898308	0.173042
9.5	39.7723	38.255	-0.176838	2.21845	3.28998	1.07153	50.2219	52.249	0.171497	1.20887	0.634788
9.75	38.0017	38.2563	0.0296635	5.15402	3.29571	-1.85831	53.167	52.2512	-0.0774795	3.46022	1.07397
10	39.1381	38.2566	-0.102732	3.28016	3.30101	0.0208483	50.1592	52.2522	0.177072	0.0423432	0.118804
10.25	37.8998	38.2563	0.0415532	5.03056	3.30591	-1.72465	52.1604	52.2524	0.00778372	2.9762	0.996025
10.5	39.653	38.2555	-0.162871	2.67976	3.31043	0.63067	51.3841	52.252	0.0734273	0.429663	0.378445
10.75	37.4953	38.2544	0.0884675	3.33936	3.3146	-0.0247561	51.4425	52.2511	0.0684123	0.0131196	0.0661302
11	38.7959	38.253	-0.0632823	4.0224	3.31844	-0.70396	51.017	52.25	0.104312	0.510446	0.412491
11.25	39.5653	38.2514	-0.15313	2.98992	3.32198	0.332066	53.596	52.2486	-0.113988	0.14671	0.221141
11.5	38.1485	38.2499	0.0118157	3.61916	3.32523	-0.293923	51.3114	52.2471	0.0791641	0.0927973	0.175876
11.75	39.3237	38.2482	-0.12534	2.06647	3.32823	1.26175	52.8068	52.2456	-0.04748	1.60998	0.732572
12	39.872	38.2466	-0.189439	4.75464	3.33098	-1.42367	51.3589	52.244	0.0748798	2.06832	0.830325
12.25	38.6538	38.245	-0.047647	3.30995	3.3335	0.0235495	51.6013	52.2424	0.0542382	0.0057666	0.0438429
12.5	39.1087	38.2435	-0.10084	2.70983	3.33581	0.625983	51.46	52.2409	0.0660632	0.406388	0.368052
12.75	39.0429	38.242	-0.0933453	2.71347	3.33794	0.624472	51.6354	52.2394	0.0510993	0.40129	0.365737
13	39.616	38.2406	-0.160299	3.98533	3.33989	-0.645444	52.6628	52.238	-0.0359375	0.443585	0.384528
13.25	41.1825	38.2392	-0.34303	2.05641	3.34168	1.28526	52.7787	52.2367	-0.0458565	1.77167	0.768478
13.5	38.1139	38.238	0.014464	1.88448	3.34332	1.45884	51.1819	52.2354	0.0891318	2.13637	0.843874
13.75	39.9016	38.2368	-0.194029	3.02722	3.34482	0.317599	52.2124	52.2342	0.0018434	0.13852	0.214879
14	39.7081	38.2357	-0.171603	3.15031	3.3462	0.195882	53.6774	52.2331	-0.122185	0.0827466	0.166079
14.25	37.8562	38.2347	0.0441118	3.49709	3.34746	-0.14963	51.2162	52.2321	0.0859427	0.0317212	0.102829
14.5	38.9218	38.2337	-0.0801927	4.44458	3.34861	-1.09596	50.4423	52.2311	0.151334	1.23047	0.640434
14.75	39.4872	38.2329	-0.146194	3.06647	3.34967	0.283203	50.6655	52.2302	0.132372	0.119099	0.199248
15	39.5806	38.232	-0.157169	3.93091	3.35064	-0.580265	51.3109	52.2294	0.0777019	0.367447	0.349975
