FIM Eigenvalues:
  Matrix(12x1)
	0.0152212
	0.303968
	0.408388
	37.1007
	200.896
	493.621
	1028.51
	8118.2
	12617.9
	307383
	1.25115e+07
	3.21239e+07

FIM Eigenvalues (scaled):
  Matrix(12x1)
	0.000148996
	0.000272585
	0.00067073
	0.0193149
	0.0482367
	0.186639
	1.94425
	41.6485
	88.0757
	1152.75
	1660.27
	13522.2

FIM Eigenvalues:
  Matrix(12x1)
	0.0664686
	0.172771
	4.26569
	8.33378
	23.2431
	501.299
	5125.25
	20787.4
	80965.2
	209880
	5.84179e+06
	1.7829e+09

FIM Eigenvalues (scaled):
  Matrix(12x1)
	1.54062e-05
	9.43744e-05
	0.00112822
	0.0342425
	0.185919
	5.99196
	34.7246
	179.913
	733.027
	2701.96
	5612.11
	9.56649e+06

FIM Eigenvalues:
  Matrix(12x1)
	0.0123611
	0.536368
	0.942811
	10.9081
	96.6516
	303.481
	542.535
	8000.48
	20045.4
	145133
	1.43083e+07
	6.7664e+07

FIM Eigenvalues (scaled):
  Matrix(12x1)
	0.00022846
	0.00081668
	0.00141382
	0.0351191
	0.107934
	0.268126
	0.651949
	39.659
	116.684
	1023.39
	2960.53
	17988.3

FIM Eigenvalues:
  Matrix(12x1)
	0.0396363
	0.544508
	1.09942
	24.8329
	160.287
	313.988
	667.698
	5470.93
	16498.8
	389211
	1.05613e+07
	5.59097e+07

FIM Eigenvalues (scaled):
  Matrix(12x1)
	0.000224838
	0.000423248
	0.0171878
	0.0296818
	0.0878919
	0.458099
	1.41445
	31.4396
	93.6215
	1024.62
	1333.85
	48750.3

FIM Eigenvalues:
  Matrix(12x1)
	0.0166464
	0.0504907
	0.375717
	93.9803
	229.857
	1698.94
	2369.06
	15615.4
	18091.7
	233515
	1.65236e+07
	2.84091e+07

FIM Eigenvalues (scaled):
  Matrix(12x1)
	4.31583e-06
	6.0719e-05
	0.000419371
	0.0238846
	0.0333425
	0.362699
	3.22369
	38.6423
	123.977
	1074.7
	2266.39
	10622.1

FIM Eigenvalues:
  Matrix(12x1)
	0.0119717
	0.187008
	0.404542
	28.2047
	95.5789
	271.227
	1098.42
	5611.23
	18928.8
	125655
	9.39618e+06
	4.54722e+07

FIM Eigenvalues (scaled):
  Matrix(12x1)
	8.89856e-05
	0.000179074
	0.0120654
	0.0201037
	0.0617831
	0.40563
	5.15625
	38.435
	137.51
	977.659
	6386.03
	138844

FIM Eigenvalues:
  Matrix(12x1)
	0.0662759
	0.671189
	1.05918
	207.52
	424.454
	1731.66
	3982.83
	9031.96
	28390.6
	469865
	1.20393e+07
	1.10288e+08

FIM Eigenvalues (scaled):
  Matrix(12x1)
	0.000309526
	0.00719552
	0.0174942
	0.315977
	0.589567
	2.93847
	7.51799
	70.0125
	188.275
	821.09
	7918.84
	133089

FIM Eigenvalues:
  Matrix(12x1)
	0.117924
	1.09872
	1.87029
	214.532
	320.728
	842.835
	1641.03
	8790.9
	65744.8
	481703
	1.59759e+07
	7.53891e+08

FIM Eigenvalues (scaled):
  Matrix(12x1)
	3.41172e-06
	4.84434e-05
	0.0128086
	0.131055
	0.660864
	4.01844
	5.71935
	45.4004
	476.018
	931.423
	10152.9
	976415

FIM Eigenvalues:
  Matrix(12x1)
	0.0156343
	0.12377
	0.238626
	112.506
	357.181
	1012.45
	2277.97
	8395.49
	18092
	464853
	1.15982e+07
	4.05181e+07

FIM Eigenvalues (scaled):
  Matrix(12x1)
	7.08885e-05
	0.000164176
	0.000621668
	0.00994039
	0.0992763
	0.258287
	1.17525
	49.8729
	104.619
	908.958
	3932.17
	14523

